6.9565099e-04 4.9318209e-02
6.9072089e-04 4.7141496e-02
7.2133642e-04 4.9757989e-02
6.9823846e-04 4.6827870e-02
6.5601264e-04 4.2261507e-02
6.5390472e-04 4.2741305e-02
6.5669490e-04 4.2931647e-02
6.4835942e-04 4.1461872e-02
7.8974019e-04 4.5064422e-02
8.1104811e-04 4.3856838e-02
6.7397640e-04 4.3585461e-02
6.6629626e-04 4.2340021e-02
7.9553954e-04 4.2521305e-02
1.0711295e-03 4.3066844e-02
1.1125114e-03 4.5139371e-02
1.0849081e-03 4.2470283e-02
2.6564195e-03 4.9073812e-02
2.3655945e-03 4.6068436e-02
2.4790812e-03 4.7243452e-02
1.6305916e-03 4.4313405e-02
1.6034687e-03 4.3338390e-02
